1
10
100
101
102
103
104
106
107
108
109
11
110
111
112
113
114
115
116
117
118
119
12
120
121
122
123
124
125
126
127
128
129
13
130
131
132
133
134
135
136
137
138
139
14
140
141
142
143
144
145
146
147
148
149
15
150
151
152
153
154
155
16
17
18
19
20
21
22
23
24
25
26
27
28
29
3
30
31
32
33
34
35
35584
36
37
38
39
39754
39825
39841
4
40
40034
40249
40250
41
42
43
44
45
46
47
47002
47156
47157
47883
47907
47913
47923
47948
48
48013
48025
48035
48037
48143
49
49638
49695
49723
49759
49783
49795
49831
49842
49845
49861
49998
5
50
50001
50077
50096
50097
50098
50099
50354
50377
50380
51
51673
51774
51828
51967
51977
52
52005
52084
52392
53
53232
53436
53474
53915
53971
53972
54
55
55288
55297
55302
55311
55334
55337
55354
55370
55414
55431
55458
55490
55725
56
57
58
59
6
60
61
61919
62
623467
62365
62382
62383
62385
62386
62387
62388
62389
62390
62391
62392
62393
62394
62395
62397
62398
62399
62400
62401
62402
62403
62404
62405
62407
62441
625390
625400
625402
625434
63
64
65
66
67
68
69
7
70
71
71798
71809
72
73
74
75
76
77
78
79
8
80
81
82
82571
82572
83
85
86
87
88
89
9
90
91
92
93
94
95
96
97
98
